1340.056490
2472.104918
1769.145855
983.827464
3934.877008
1384.920253
2089.479139
2019.113190
1469.951441
9999.995820
1061.932106
2842.095448
1826.636984
8317.155951
1399.922344
7860.987579
3126.875450
2055.998302
3727.074546
1431.056998
1453.384416
1347.866391
2063.694461
1502.305339
1918.056766
1999.969737
2176.185768
1522.491112
5133.007919
2659.210176
1575.649541
1430.674136
1684.327852
1967.894062
4725.846941
2279.713586
1302.698764
2064.022361
6842.104288
2732.782165
1663.446986
2136.615836
2571.561875
7388.960089
1758.484530
1955.306972
1027.616569
1973.615817
1364.312373
1268.470491
1393.531980
1745.471422
2032.585437
2494.276120
1045.496538
1232.033824
1719.366906
3390.415397
4412.386116
1798.945116
1359.408540
1459.627755
1692.482865
1776.283497
9999.995572
1666.887282
1891.669879
2117.045801
1539.750340
4782.767384
1611.040364
1601.490888
9999.995548
686.097290
1662.676913
2856.216858
953.659856
2451.015552
1077.843388
8913.945352
4496.834495
997.022415
2009.098996
2065.751214
1851.589084
1437.108508
2001.890693
2350.103704
1547.905835
848.543061
1444.867727
2688.577475
1464.130321
2098.648694
1668.026393
1683.180918
2858.767773
1704.461749
4827.176493
1811.879542
4118.143958
1599.497004
1744.128117
1897.090106
2424.429040
1354.696675
2365.757987
3835.055536
1446.354600
1561.748035
3510.964053
4479.304514
7698.759542
1551.092910
2280.056193
3102.532800
1369.596070
1841.289184
8117.480957
1691.382107
1334.391135
1594.515328
1303.138012
1923.548770
5267.947273
3167.593483
3109.230665
1586.026159
6266.874628
3310.933179
2772.204772
1426.047297
1230.376882
1901.265732
1419.094084
1349.491428
7392.483713
1914.361650
1225.015160
1355.228667
1078.285229
1349.163039
1822.077132
846.429452
1694.566895
935.604650
2168.259387
1194.411260
1498.136009
3024.754237
1514.630478
1917.899454
8900.217456
1155.446431
1881.633355
1070.222342
1359.159199
1481.401002
1033.780903
3851.781942
1382.855658
1608.816636
1084.793626
1684.584569
1269.173815
1200.678554
1877.006716
2088.540547
1958.795693
1814.920839
1789.703595
8239.932923
3691.118439
1403.804702
1275.294283
1891.554749
1268.838879
7119.364810
1098.969683
1470.992690
1327.693529
2983.759044
4807.427639
1986.329051
5111.540106
1433.267531
8454.650493
1608.202710
1866.804384
2097.177483
1444.425708
2169.204384
4775.396375
1474.686920
7117.069633
1125.398409
2069.311891
1743.382717
1025.742576
3747.697103
1785.359344
1502.079166
2685.942735
1865.301212
4795.274422
2261.455061
2402.455800
3369.560255
3925.763637
1291.408345
1663.538932
1773.048255
1691.042971
1334.136558
2298.620636
834.081917
1872.589509
1693.361267
2345.315216
2981.164777
3204.180535
1851.663864
861.452317
2021.758634
1705.584804
688.010339
1356.028064
1412.356583
1102.863868
1369.452651
1022.646010
2059.846127
1152.737114
8049.195835
1697.508812
1444.639421
3317.007100
1353.565330
1210.538347
1209.710072
1880.659648
2436.214110
1647.588396
9999.994080
5098.923222
2634.557105
1128.551343
1214.993179
9999.995573
5927.232084
1514.505324
1580.586966
1357.742866
1306.550310
2424.889754
1655.533953
1672.242756
3924.792839
1967.919988
1692.792061
1470.201705
1432.540918
1593.910927
1564.792131
3187.308618
1385.271057
1689.194273
1641.816889
6109.126345
1547.046121
2919.115352
875.522874
3904.959832
2029.787416
1449.512715
1433.549531
1191.615617
1374.072972
9999.996464
1852.740993
1752.126505
5232.484385
2309.179588
1272.227252
3412.507602
3308.694016
1643.142974
1210.594118
1603.523934
1516.681548
728.877335
1090.663502
1401.942872
1294.559137
1427.886277
1742.790524
1364.109549
1769.502372
1166.274090
6059.915481
1248.705820
1462.621069
2847.787697
1791.655439
1844.757579
1897.557625
1674.764491
2225.109957
1195.116212
1552.977333
1407.733807
1828.846465
2623.070997
1228.124144
1540.124955
1491.928565
1308.229486
1808.978140
1394.365589
2136.116927
1636.874779
1271.861807
2158.277282
1460.056315
1063.370474
5463.335497
2179.742969
1496.532631
6501.366392
806.901680
7472.217496
1247.265391
4328.376958
1703.434503
1872.126830
1283.544361
2790.632942
4297.338542
2124.515910
1575.796180
1917.194032
9999.994703
1623.255788
1829.578386
2231.549763
586.582664
1654.068617
9999.996271
1229.685368
4626.002388
1208.036693
9999.996315
1473.096340
1985.974411
1606.782316
1572.498384
2162.379044
1275.948673
2180.400683
6913.999412
2069.647041
1857.269176
1315.180312
1490.025210
1036.497205
1843.843041
1793.498426
1972.859819
3583.324281
8598.709553
2515.276927
5309.679311
1371.856507
1642.509527
3839.385893
3879.331015
2453.579894
1530.127819
1199.496328
9999.996328
2239.117166
1522.823437
811.607415
1352.691129
1985.348459
2764.553043
1655.574444
1576.012216
1583.554894
7650.888867
1623.265414
1555.022100
2059.759768
1098.330332
1228.098861
2613.502814
1345.413986
3782.881332
2367.065326
4346.635470
4615.013233
2331.233733
2744.239895
1989.696262
1056.852367
1816.121002
9999.996482
1823.170651
1335.779298
1792.101149
982.594314
1742.046330
1540.343687
1362.742969
1150.742908
9662.735679
1383.972558
2001.781402
2340.394965
1580.302925
2663.164294
125.216382
1339.456567
1153.053274
1847.694233
3804.051466
1874.903182
2878.971994
2019.673788
1482.587967
3706.937045
1216.435127
1786.919318
1866.283075
1317.890803
5573.963162
1516.268978
1000.307406
8521.738445
2862.292072
2332.732146
1821.634013
8158.120464
1522.036129
1094.299247
7278.498423
1829.353374
2355.697183
1061.013164
1601.337286
3866.994401
