0.30421375007036866
0.33695933177118514
0.28684907082660266
0.3560372461075175
0.28690616947495096
0.3336780613558768
0.3233108833855545
0.31156782388788895
0.3627313106123605
0.24994397881732697
0.32590116234421224
0.3177264207382399
0.2979540658577528
0.3739145824246213
0.33630640908879783
0.3525711251155684
0.33124651801928956
0.32959253745072903
0.32265569527604676
0.29861266015650295
0.3005017521737492
0.30121902171345044
0.3815525369162066
0.3130669418144863
0.31465914340428036
0.2667416090158386
0.3427032030859252
0.32716570527683914
0.27913522928205037
0.3415030655291833
0.3178666874983957
0.3129637754913354
0.3083716663064483
0.3675055798725012
0.266760530502139
0.3587737087233098
0.3019122628444282
0.3255477069335801
0.30352719540409856
0.2375941826342932
0.2978013060111963
0.30800346897107345
0.27882162865770493
0.308329037958795
0.2702738719771959
0.2586179697584888
0.2541027055720182
0.3434893922264106
0.3095095311125734
0.31635320502923975
0.273899272373048
0.2770614739434996
0.3675561091878216
0.3043756969569647
0.25971901589230945
0.35155841052608716
0.3648601403643397
0.3570896427072558
0.28512426191123125
0.3106216410253578
0.3017415036112187
0.3715025357737055
0.28971951144957064
0.3434708079505308
0.3028112021001205
0.33703134999058454
0.3214542415834411
0.30904347122047887
0.30920730681699493
0.33143578868645124
0.3253033892240311
0.30030949085699216
0.3395148299854504
0.30096457527770515
0.30374991170523785
0.260415672951761
0.3437488175137761
0.28585372736596903
0.3037964896602289
0.31969022498201954
0.35054445102119286
0.30286238870982923
0.3097272203976837
0.3436783260172641
0.304192086088532
0.2931810520229903
0.35486030088923354
0.32041330476664515
0.2533579126852545
0.3466768883185838
0.3259706491948426
0.33547596843756217
0.337296895373993
0.2873404768535556
0.33473673576951674
0.3389251047445987
0.270008592422473
0.3527354504130159
0.3648318441267148
0.2611351802623494
0.2909870293582348
0.29008210695380326
0.2571988907381885
0.3412318147562039
0.29195488901543476
0.3373809914797675
0.8583087628699848
0.34581835860219035
0.38628736681141135
0.2835791121389604
0.31419690465012623
0.271267300168561
0.31616183033771733
0.34959476249294125
0.3150852222212456
0.29757104494768616
0.2925444185689668
0.25608171457050427
0.30914397475826405
0.2788139328783488
0.25386464955200055
0.33753558397914796
0.35644166233306074
0.3161203054332905
0.398785637560643
0.3314519669131128
0.3043309449390897
0.34427289070998757
0.8779716186104444
0.3225830237640655
0.3649541974401966
0.35221186675791194
0.3202614980673062
0.2945598404109742
0.3313041161819556
0.302020766224169
0.3538385678484728
0.33751907936586406
0.3416757148848192
0.25306478749298505
0.30940237467949555
0.2885988585937001
0.3072779591262536
0.33405451453480706
0.2859367020991583
0.24179042381590307
0.25820271182989313
0.2633589146104625
0.291033429174795
0.3438360776337559
0.300413215933202
0.32665086284458256
0.3210683482927761
0.2952084324130846
0.3353847523758934
0.2617075974220111
0.2983313305453346
0.3203178885901257
0.2681162258458425
0.29472517509144724
0.27875231331407246
0.30947020144665754
0.3823433694761888
0.27310586022230604
0.36156356806879697
0.24689355286985024
0.34236563601863196
0.2686610516644663
0.25070163360160524
0.3761883633972866
0.33637392907798486
0.3565124628126659
0.2955914013779208
0.36227765925513766
0.31189285280599033
0.32450067880865413
0.2958809861385694
0.3831904622912559
0.30238078490559456
0.3151327041143436
0.323585024720575
0.322558640707726
0.35460403171028027
0.2960721864636058
0.2848493381416278
0.32597465097401557
0.3438333763071453
0.2811048112586855
0.32964616828199017
0.3235599569506948
0.37100665459322746
0.3439828074632434
0.3594365890210489
0.3212206535150635
0.28144024233060383
0.2979886002609993
0.2749854440002545
0.31758034553579667
0.29440798055269746
0.3585280802981286
0.39489057946522765
0.8743611919297923
0.33997722372605277
0.2737576442929707
0.26734838758059937
0.3071751150319446
0.3196571925799069
0.3351560009005763
0.28878060204068606
0.26028262815975917
0.30179158568536046
0.28928149765644817
0.2596491228283657
0.2981941442224621
0.3702916732833863
0.3041395389525572
0.30403847998111705
0.31650667500789936
0.3000491561984317
0.2835267972481419
0.27413355090380814
0.3225953661622147
0.3288168837547881
0.2777791653985872
0.3193874624006494
0.35974435199562266
0.27060972986619386
0.33018325013387123
0.33866593264896055
0.28934812605593546
0.3427909423650634
0.4122982843749232
0.3444371627005513
0.27613537186339115
0.3457139587175062
0.2661585229205902
0.38772511793538805
0.2748684084903157
0.2965502718252104
0.3255482497093222
0.32795472663386643
0.24874682875831486
0.2813013990158941
0.31584630338501846
0.34612624894092725
0.29977414496205584
0.27494675111118977
0.3167345431260562
0.3578122851150808
0.2773887838090019
0.35749668784229327
0.29689864549072087
0.28701520160309973
0.24134661794979387
0.3161436629315699
0.26443873083543296
0.35414650641294043
0.25916747542989427
0.29921405204918283
0.28883835205090985
0.31361861028572635
0.3671529908108993
0.27869141503535894
0.35126095786815953
0.3124516958419965
0.3162513259666955
0.36676918085466825
0.2995450131460142
0.2631385970979659
0.3315676754599861
0.2525524636964794
0.3159053822729939
0.36568338586260096
0.3038139466526292
0.3609787268030104
0.32058295324137565
0.2794690321916461
0.25362387798856884
0.27755639254696957
0.3122518730897698
0.28552603468650456
0.30221890991838457
0.2814004468511643
0.36797459524415904
0.24847630350111655
0.2617399506470046
0.30789233106800795
0.32351240688183514
0.3080210521194529
0.25719769003526916
0.3035499609101177
0.27502686104628205
0.23840978802217871
0.3874842325142158
0.30468769821878494
0.36376701580137283
0.3087245823554411
0.3432280214811002
0.32857823399267166
0.2949129582722707
0.34074255764079936
0.33366868531978267
0.381130033767813
0.2789823962710999
0.3318810111863225
0.2547289026854954
0.3293258424899318
0.3174865470462879
0.36880491608549937
0.26728993545522806
0.2884775839965814
0.2519752590275789
0.35176294056627017
0.24603208294529058
0.28276323046111224
0.2843392269256666
0.31357532436458446
0.2777251415456015
0.274090353544117
0.3272165498546051
0.2762265705466937
0.2704578439393621
0.2619849662359273
0.24419605755635743
0.30901091285877874
0.3035014407478757
0.3635018161938366
0.2695569076230508
0.8646234236044837
0.3160819394381033
0.36754723707515236
0.30207045286237333
0.3679167363596393
0.2828242489824374
0.8865226365351578
0.3118878606139219
0.3726301893397301
0.2812609226210186
0.29930139228061325
0.3005527737661389
0.3223940821538623
0.2610282558187496
0.2735300769178026
0.31370973259240226
0.3474365614159946
0.3173086296537897
0.33179421693112243
0.2886052847030618
0.31666286275087224
0.2537153284465753
0.2669173545952743
0.281430042159258
0.39363307043559465
0.30335476665995015
0.3271161927975564
0.3385540802452787
0.36691783513962617
0.3211211245247278
0.2719490478751863
0.2910965568952738
0.3685305260535524
0.3251883434347751
0.31013547930891533
0.31030860968535556
0.2709645679609059
0.3010913623609345
0.32405390130351464
0.3032737673498501
0.354583999750667
0.30113532905839746
0.3529489092680484
0.2883437734610017
0.3002538284203269
0.28291200862435867
0.34423979166420804
0.3071339443007402
0.26386507176055146
0.30811832904315967
0.33863946820728613
0.31278148490157087
0.2962406791123697
0.33336783499954087
0.2833636557011067
0.31051621527745005
0.2628031003282977
0.2997328650487963
0.3413371047758403
0.3176617025418744
0.3226137373293872
0.31552460133238697
0.30075262708038625
0.31673294331117585
0.26992246365107914
0.33963847816607945
0.3053891269508232
0.32148375743917
0.32987338284810486
0.2725891620706387
0.3481381891665671
0.30049910567905835
0.3054165882186718
0.3861764734346119
0.3362446912748775
0.2922281051587417
0.3183260607760726
0.2868283802777343
0.28317903742660444
0.34661310419207786
0.23907908869231712
0.34288279943636507
0.3682387280665374
0.2674238861606819
0.3423146084061075
0.29838494415651023
0.3186180040270551
0.26722204613086364
0.2849831778280381
0.32910517460406247
0.3129411340443493
0.32400957120482693
0.3285224594265482
0.3083646180683284
0.2660814095212277
0.421538014209545
0.3129010909765088
0.3538283385118209
0.33817719832126925
0.30137192674626184
0.3665294724805035
0.31408185333820726
0.2728326147791678
0.303559612732104
0.24659095823751567
0.3035557429313897
0.3292597029049455
0.2647029327516219
0.2782812353159075
0.27193770571129844
0.29136990986622413
0.293317789869467
0.33842657375344753
0.32633601175159777
0.2605470544676687
0.31058782922269024
0.29509263819044795
0.3331082943548691
0.3422629967821917
0.28249624735512235
0.32039990053783113
0.3042964369273608
0.31292788730271626
