0 12 1 -0.0179 0.0019 0.005 0.0092 0.0164
0 12 0 0.0183 -0.0014 -0.0198 0.0094 -0.0089
0 20 0 -0.0091 0.0103 -0.0032 -0.0019 -0.008
0 12 0 -0.0076 -4e-04 -0.0013 0.0019 0.0048
0 14 0 -0.0121 0.0039 3e-04 0.0036 -0.0021
1 13 1 -0.0057 0.0071 -0.0025 -0.0014 0.0098
0 12 1 -0.009 0 -0.0022 5e-04 0.008
1 16 0 -0.0039 0.0073 -0.0044 0.0015 0.0061
1 12 1 -0.006 -8e-04 -2e-04 0.0019 0.0125
1 16 1 -0.0126 0.0072 0.0025 -0.0036 0.0087
1 20 1 -0.0129 0.0031 0.0048 0.0035 0.0091
1 15 0 -0.0123 0.0036 -5e-04 0.0015 0.0045
0 13 1 -0.0185 0.014 0.011 0.0031 0.0071
1 20 0 -0.0059 0.0047 -0.0028 0.0058 0.009
1 20 0 0.0015 4e-04 -0.0047 -0.0042 0.0028
0 13 0 -0.0106 0.0017 -4e-04 0.0028 0.0078
0 15 0 -0.0151 0.0067 -4e-04 0.0258 0.0268
0 17 0 0.0096 5e-04 -0.0087 0.0046 -0.0064
0 17 1 -0.0087 0.0017 -0.0036 -0.0055 -5e-04
1 17 0 0.0189 -2e-04 -0.012 -7e-04 -0.0048
0 18 1 6e-04 -0.0071 -0.0074 0.0101 0.0092
1 16 0 0.009 0.0054 -0.0093 -5e-04 -0.0072
1 17 0 -0.0105 0.0011 -7e-04 0.0082 0.0172
1 14 1 0.003 0.0028 -0.0079 1e-04 0.0041
0 13 0 0.0071 -0.0018 -0.0073 0.0084 0.011
1 17 0 0.0046 -0.0027 -0.0102 0.0014 0.0053
0 13 0 -0.0065 -0.0079 0.0018 0.008 0.0118
0 14 0 -0.0078 0.0059 -0.0046 -0.0032 -0.0018
0 16 0 -0.0085 0.0031 -0.0018 0.0082 0.0037
1 15 1 -0.011 0.0057 0.0017 -0.0017 0.0039
0 19 1 -0.0094 0.0108 -0.0015 0.0035 4e-04
0 14 0 -0.0043 0.0058 -0.0042 0.0042 0.005
1 17 0 -0.0173 0.0037 0.0017 0.0089 0.018
0 16 1 -0.0019 0.0022 -0.0044 0.0033 0.0036
1 20 0 -0.0157 -0.002 8e-04 0.0066 0.0088
0 13 0 -0.0091 -0.0025 8e-04 0.0058 0.016
0 13 0 -0.0085 -0.0018 -0.0027 -0.0024 0.0024
1 17 1 -0.0139 8e-04 -2e-04 0.0038 0.0123
1 14 0 -0.0039 0.0022 -0.0071 0.0026 0.0017
1 17 1 -0.0132 0.0039 -0.0024 5e-04 0.0087
0 15 0 -0.0083 0.004 -0.0027 0.0021 0.0174
1 17 0 -0.0067 0.0011 -0.0022 0.0036 0.0077
1 19 0 -0.0159 4e-04 0.0012 0.0063 0.0105
1 15 1 -0.0136 0.0022 -0.0031 -7e-04 0.0123
1 19 0 -0.0061 0.0036 -0.0045 0.0032 0.0164
0 14 0 -0.0159 -1e-04 0.0042 0.0014 0.011
1 14 1 -0.0176 0.0083 6e-04 0.0106 0.0094
1 14 0 -0.0133 0.0042 0.0031 0.0022 0.0155
1 16 1 -0.0136 0.0028 0.003 0.0017 0.0077
0 18 0 -0.0178 0.0107 0.004 0.0012 0.0138
0 13 1 -0.0144 -0.0046 0.0056 0.0022 0.0097
0 19 1 -0.0127 -0.0023 0.0046 2e-04 0.0188
0 12 1 -0.0104 0.0089 -0.0013 6e-04 0.0099
0 13 0 -0.0124 0.0077 -5e-04 0.0028 0.004
0 10 0 -0.0159 4e-04 0.002 0.0084 0.0095
1 14 1 0.0093 0.0012 -0.0154 0.0081 0.0066
0 20 0 7e-04 0.0049 -0.006 -0.0013 -0.0022
0 17 1 -0.0018 -0.0093 -0.0026 -0.0039 0.0091
0 12 1 -0.0182 0.002 0.0051 0.0041 0.016
1 12 1 -0.0121 -1e-04 8e-04 0.0032 0.0171
1 11 1 -0.0147 8e-04 -0.0011 -5e-04 0.01
0 10 1 0.0019 4e-04 -0.0045 0.0042 -0.0031
0 16 0 -0.0021 -0.0016 -0.004 0.0053 2e-04
1 19 0 -0.0171 -9e-04 0.0036 0.0093 0.0165
0 17 1 -0.0196 0.0091 0.0034 0.0012 0.0115
0 17 0 -0.008 0.006 -9e-04 -4e-04 0.0022
1 14 0 -0.0139 0.0098 0.0022 0.0034 0.0101
0 19 0 -0.0103 -0.0021 -0.0026 0.0118 0.0079
0 13 1 -0.011 0.0023 -0.0012 0.0037 0.0226
1 18 0 -0.0083 0.0049 -4e-04 0 0.0062
0 17 0 -0.0103 -1e-04 -0.0025 0.0115 0.0138
0 20 1 -0.0082 0.0148 -0.0035 -0.0012 -0.0112
1 14 0 -0.0098 -0.0028 0.0013 0.0043 0.0134
1 17 0 -0.0154 0.0075 0.0026 0.0036 0.0169
1 20 0 -0.0106 0.0017 0.0048 0.0047 0.0083
0 17 1 -0.0245 0.0273 0.0096 -0.0052 -0.0101
0 20 1 -0.0137 0.0104 0.0024 -0.001 8e-04
1 14 0 -0.0166 0.0139 0.0055 -0.0053 3e-04
0 20 1 -0.013 0.012 6e-04 -0.0052 0.0098
1 17 1 -0.0136 0.0158 0.0045 -0.0053 0.0067
1 13 1 0.0039 0.0072 -0.0075 -4e-04 -0.0068
0 17 0 -0.0175 0.0113 0.0068 0.0037 0.0096
0 19 1 -0.0254 0.0253 0.011 -0.0065 -0.0299
0 11 0 -0.0137 0.0037 0.0025 -0.0036 0.0136
1 20 1 -0.0036 -7e-04 -0.0019 0.0066 0.0099
0 18 0 -6e-04 0.0071 -0.0036 0.0031 0.0069
0 11 0 -0.0124 0.004 -0.0034 0.0058 0.008
0 19 0 -0.0156 -0.0041 0.0011 0.0048 0.0139
0 20 0 -0.0182 0.01 0.0023 0.0024 0.0052
1 13 0 -0.0188 0.011 0.0057 0.0099 0.0162
0 19 1 -0.0082 0.0044 -5e-04 0.0026 0.0132
0 13 0 -0.0108 0.0021 -1e-04 0.0061 0.0092
1 19 1 -0.0109 0.0013 -3e-04 0.0044 0.0113
0 15 1 -0.0109 0.0037 -0.0021 4e-04 0.0058
1 18 1 -0.0152 -3e-04 0.003 0.004 0.0151
0 13 1 -0.0098 0.0104 0.0011 -0.0012 0.0088
1 13 1 -0.0151 0.0027 0.0024 0.0016 0.0045
0 15 1 -0.0011 0.0078 -0.0092 5e-04 -0.0086
0 19 0 0.0041 0.0021 -0.0058 -0.0029 -0.007
1 20 1 -0.0057 0.0014 -0.0045 2e-04 0.0063
1 13 0 -0.0194 0.0069 0.0023 0.0034 0.0168
1 15 1 -0.0045 0.006 -0.001 0.0034 0.0069
1 13 1 -0.0204 4e-04 0.0057 0.0103 0.0198
1 12 0 -0.0081 -0.0018 -0.0024 0.0045 0.001
1 13 1 -0.0155 0.0033 0.0019 0.0037 0.0043
1 13 0 -0.0026 0.0076 -8e-04 0.0025 0.0027
1 17 0 4e-04 0.0039 -0.0057 -0.001 0.003
0 19 1 0.0065 0.0033 -0.0086 0.002 0.0033
1 19 1 -0.0101 0.0058 -0.0022 0.0013 0.0085
0 15 1 -0.0077 0.0047 -0.0023 5e-04 0.0055
0 15 1 -0.0102 0.0047 0.0026 0.0063 0.0129
1 19 0 -0.0212 0.0134 0.0087 -0.0018 0.0058
1 20 1 -0.0162 0.0089 0.0043 -0.0039 0.0046
1 16 1 0.0195 -0.0011 -0.0191 -8e-04 -0.0025
0 20 0 -0.0044 0.0062 -0.0067 0.0108 0.0088
0 16 0 -0.0133 0.0014 0.0033 7e-04 0.0123
0 17 1 -0.0173 0.0063 0.0082 -6e-04 0.0096
1 20 1 -0.0023 -0.0039 -0.001 0.0033 0.0081
1 20 0 -0.0209 0.0154 0.0083 -0.0025 -0.0015
0 19 0 0.0161 0.0084 -0.0133 -0.0072 -0.0086
0 14 0 0.0102 0.0038 -0.0135 -8e-04 -0.0117
0 20 1 0.0103 -0.0024 -0.0147 0.0023 0.0022
1 19 1 -0.016 -5e-04 -4e-04 0.0023 0.0122
0 20 0 0.0067 -9e-04 -0.0105 0.0014 0.004
1 15 1 0.0177 0.0047 -0.0136 0.0029 -0.0018
0 14 1 -0.004 -0.0011 -0.0051 0.0129 0.0045
0 12 1 -0.0107 -5e-04 8e-04 0.0046 3e-04
0 15 1 -0.0012 0.0044 -0.0088 -0.0073 -0.0024
0 17 1 -0.0035 0.0016 -0.0084 0.0041 0.0026
1 20 1 -0.0103 0.0058 0.0046 0.0021 0.0021
1 19 1 0.0035 -4e-04 -0.0114 0.0044 0.007
1 17 0 -0.0062 0.0044 0.0013 0.005 0.0035
1 16 1 0.0024 0.0028 -0.009 0.004 0.0139
1 16 0 -0.0143 0.0118 0.0016 4e-04 -0.0013
0 17 0 0.0128 0.001 -0.0176 0.0054 -0.0016
1 20 1 -0.0065 -3e-04 -0.0065 0.0065 0.0115
1 13 1 -0.0046 -0.013 -0.0061 0.0013 0.0067
1 12 1 -0.0019 7e-04 -0.0082 -0.003 -0.0035
1 11 1 0.0115 -0.0021 -0.0132 0.0036 0.0018
1 19 1 -0.004 -0.0086 7e-04 0.001 0.0114
1 17 1 -0.002 -0.0016 -0.0048 0.0053 0.0011
0 20 0 0.0066 0.0031 -0.0069 0.0013 0.0024
0 18 0 -0.0083 -0.0024 -0.0016 0.003 0.0181
1 20 1 -0.0035 0.0016 -0.0084 0.004 0.0026
1 14 1 -0.0046 0.001 -0.0023 0.0107 0.0068
1 13 1 -0.0161 0.0029 0.0019 -8e-04 0.0211
0 20 0 -0.0138 0.0097 0.005 0.0054 0.0069
0 16 1 -0.0182 0.0071 0.0061 0.0022 0.0049
0 19 0 0.0127 3e-04 -0.0086 0.0045 -0.0039
0 20 1 0.0355 0.0031 -0.0297 -0.0049 -0.0029
0 13 0 0.0217 -9e-04 -0.0181 0.0023 0.0025
0 17 1 -0.0139 0.0046 0.0064 0.0073 0.0123
0 14 0 0.016 0.0016 -0.0142 0.0049 0.0053
0 13 0 0.0079 0.0052 -0.0153 0.0117 0.006
0 13 0 0.0141 -0.0051 -0.0139 0.0053 0.0033
1 16 0 -0.0051 0.0079 0.0019 0.0012 0.0079
0 20 0 -0.0045 0.0029 -0.0046 -0.0025 -0.0012
1 20 0 -0.0157 -0.0011 0.0038 0.0087 0.0164
1 17 0 0.0145 9e-04 -0.0129 0.0055 0.0097
0 15 0 -9e-04 0.0048 -0.0041 0.0014 -0.0014
0 14 0 0.0056 -0.0024 -0.0112 0.0012 0.0031
0 20 0 -0.0127 -0.0019 0.0011 0.0093 0.019
0 14 1 0.0216 -9e-04 -0.0217 0.0073 -0.0016
0 20 0 -0.0139 0.0145 0.0027 0.0029 0.0059
1 12 1 -0.0101 0.0157 0.0017 -0.0063 -0.0028
0 14 1 -0.0113 0.0039 -0.0024 0.0078 0.0099
0 19 0 -0.0155 0.0048 0.0029 0.0024 0.0132
0 17 1 -0.0142 0.006 0.0068 -0.0063 0.0062
1 13 1 -0.0163 0.0011 0.0028 0.0096 0.0199
0 14 1 -6e-04 -6e-04 -0.0085 0.0043 0.0062
0 15 1 -0.0114 0.0035 0.0049 0.0035 0.0199
1 16 0 -0.0161 0.0124 0.0038 0.001 6e-04
1 15 0 0.0116 0.0043 -0.0104 0.0021 -1e-04
0 16 0 -0.0061 0.001 -5e-04 0.0035 0.0124
0 12 0 -0.0116 0.0132 -0.0025 6e-04 0.003
0 16 1 -0.0191 0.0095 0.0061 0.003 0.0094
1 13 1 0.003 -0.0056 -0.009 0.0032 0.0116
0 16 0 0 1e-04 -0.0038 5e-04 0.0044
1 16 1 0.0168 0.0034 -0.0113 0.0061 -0.0111
0 20 0 0.0244 8e-04 -0.0203 -0.0057 -0.0056
1 14 1 0.0189 -0.0064 -0.0184 -0.0056 -0.0022
1 14 0 0.0033 0.0014 -0.0019 -0.0031 -0.0019
0 11 1 -0.0039 0.0019 -0.0056 0.0018 0.0038
1 20 1 0.0144 -6e-04 -0.0179 0.0032 0.0014
1 18 0 -0.0067 0.0096 -0.0051 0.0069 0.0117
0 19 0 -7e-04 0.0072 -0.0077 0.011 0.014
1 17 1 -0.0026 0.0062 -0.0054 0.0057 0.0018
1 16 1 -0.0168 0.0045 0.0047 -0.0056 0.0096
0 18 0 -0.0161 0.0094 0.0049 0.0011 -0.005
0 12 1 -0.013 0.0103 0.0069 -8e-04 8e-04
1 16 1 0.0148 -7e-04 -0.0152 -0.0033 -0.005
0 11 1 -0.0143 -0.0023 0.0021 -0.0022 0.0151
0 16 0 -0.0083 0.0011 -0.0014 0.0016 0.0194
0 12 0 -0.016 0.0014 0.0052 0.0093 0.01
1 15 1 -0.0083 -6e-04 -6e-04 0.0032 0.0092
1 14 1 -0.0064 -0.0015 -0.0033 0.0058 0.014
0 16 1 -0.0011 3e-04 -0.0068 0.007 0.0152
0 15 0 -0.0122 0.0015 -0.0016 0.0145 0.0231
1 20 1 -0.0055 0.0057 -0.0044 0.0031 0.0032
1 17 0 8e-04 0 -0.005 -0.0047 0.0144
1 13 1 -0.0092 -0.0058 -0.001 -0.0032 0.0125
0 15 1 0 0.0059 -0.0046 0.001 0.0026
1 18 1 -0.0171 0.0091 0.0039 -3e-04 0
0 19 0 -0.017 0.0103 0.0033 0.0072 0.0155
1 14 1 -0.0116 0.005 -7e-04 0.0039 0.0111
0 20 0 0.0046 -0.003 -0.009 0.0046 0.0051
1 12 1 0.0055 0.0025 -0.0085 0.0013 -9e-04
0 12 1 -0.0089 0.0048 0.0028 0.0021 0.0137
0 11 1 -0.0107 -2e-04 0.0023 0.0101 0.019
0 21 1 -0.0041 0.0011 -0.0031 0.011 0.0081
1 19 0 -0.0063 0.0093 -0.0028 7e-04 -0.0036
1 20 1 7e-04 0.0069 -0.0018 0.0039 0.0063
0 20 1 0.0026 0.0014 -0.007 0.0083 0.0024
1 11 1 0.0021 -0.0046 -0.0094 0.004 0.0127
0 20 1 -0.0126 3e-04 0.0021 0.0046 0.0149
1 17 0 0.0082 0.0042 -0.0112 0.001 0.0041
0 15 0 -0.0219 0.0212 0.0055 0.0025 0.0042
0 16 1 -0.0151 0.008 0.0024 0.0085 0.0081
1 15 1 -0.0111 0.0048 -0.0036 0.0092 0.0129
0 18 1 -0.014 3e-04 0.0047 0.0024 4e-04
1 21 0 -0.0054 0.0034 -0.0019 0.0057 0.0093
1 14 0 0.0246 0.0011 -0.0165 0.0048 4e-04
1 17 1 0.0181 0.0029 -0.0136 0.0033 -0.0118
1 14 0 0.0063 9e-04 -0.0112 -0.0029 -0.009
0 14 0 -0.0167 0.0064 0.0065 -0.0032 0.0024
0 19 0 -0.0085 0.0071 0.0017 0.0057 0.0061
0 19 0 -0.0186 0.0158 0.0038 0.0038 0.0068
1 18 1 -0.0178 0.0019 0.0019 0.0031 0.0099
1 11 0 0.0071 -0.0032 -0.0135 -0.0014 0.0054
1 13 1 -0.0163 5e-04 0.0061 0.0073 0.0073
1 13 1 -0.004 0.0053 -4e-04 0.0035 0.0062
0 20 1 -0.0104 0 -0.0044 -0.0013 0.0088
1 13 0 0.0095 -0.0016 -0.0125 -0.0017 0.005
0 17 0 7e-04 -0.0032 -0.0084 0.0027 0.0103
1 17 1 0.009 0.0033 -0.0135 -0.0077 -0.0052
0 16 0 -0.0114 5e-04 -8e-04 0.0063 0.0071
1 16 0 -0.0113 0.0024 0.0014 0.0024 -0.001
1 15 1 0.0225 4e-04 -0.0232 0.0031 -0.0026
0 11 0 -0.0149 0.0055 0.0039 0.0118 0.0154
1 13 1 0.0158 -0.0059 -0.0124 0.0134 0.005
0 20 0 -0.0134 0.0027 0.0029 0.0048 0.0128
1 11 1 -0.0016 -0.0014 -0.0076 0.0078 0.0111
1 18 1 -0.0152 1e-04 0.0021 0.0054 0.0103
1 11 0 -8e-04 -9e-04 -0.0096 0.0021 0.0083
0 13 1 -0.0018 0.0011 -0.0085 0.0055 0.0046
0 13 1 -0.0073 0.0086 -7e-04 0.005 0.0092
1 20 0 0.0079 -6e-04 -0.0061 -6e-04 0.0046
0 14 0 -0.0037 -7e-04 -0.0018 -0.0013 0.0036
1 17 1 0.0014 0.0037 -0.0046 0.0072 0.0014
1 13 1 0.0051 -0.0034 -0.0108 0.0065 0.0085
0 14 0 0.0073 0.0025 -0.012 0.006 -0.0021
0 11 1 0.0088 0.0041 -0.0081 0.0013 -0.0061
1 11 1 0.0168 -0.0017 -0.0158 0.0108 0.0068
0 14 0 -0.0162 0.0033 0.0043 0.0034 0.0085
1 17 1 -0.002 0.0011 -0.0055 0.0012 -0.0061
1 15 1 -0.0031 0.0049 -2e-04 9e-04 -0.0041
0 15 0 -0.0198 0.0165 0.003 0.0025 -0.0028
0 17 1 -0.0241 0.01 0.0087 9e-04 0.0091
1 20 0 0.0189 -0.0019 -0.0181 0.0074 -0.0025
1 19 1 0.0303 -0.0059 -0.0194 -0.0038 -0.0047
1 15 1 -0.0018 0.0028 -0.0024 0.0064 0.0157
1 13 1 -0.0133 0.0047 0.0032 0.0034 0.0144
1 14 0 -0.0153 0.0031 -2e-04 0.0041 0.0178
0 14 0 -0.0171 0.0143 0.0052 0.0016 0.0086
1 17 1 -0.0052 0 -0.0059 0.0166 0.0167
1 12 1 -0.0135 0.0043 -7e-04 0.0074 0.0142
1 19 0 0.0338 -0.0013 -0.0261 0.0046 -0.0089
0 13 1 -0.0135 -0.0011 -0.0035 0.0081 0.0144
1 19 0 -0.0054 -0.0054 -0.0037 0.0032 0.0118
0 20 0 0.0136 7e-04 -0.0111 0.0063 -0.0052
0 13 1 0.003 -0.0038 -0.0074 0.0086 0.0055
0 16 0 0.0142 0.0024 -0.0102 0.0011 5e-04
0 19 0 -0.0168 0.0089 0.0022 0.0028 0.0139
1 14 0 -0.0039 -0.0017 -0.0016 0.0068 0.0103
0 12 0 0.001 0.0024 -0.0041 -0.0013 -0.0068
0 20 0 -0.0047 6e-04 -0.0056 0.0094 0.0151
1 14 0 -0.0054 0.0054 -0.004 -0.0015 0.0014
1 13 0 -0.0174 0.0018 0.0093 0.0017 0.0114
1 17 0 -0.0137 -0.0022 0.0032 0.0045 0.0121
1 20 0 0.0101 0.0012 -0.0156 -0.0075 0.005
1 16 0 -0.0072 0.0013 -0.002 0.0035 0.0147
1 16 1 0.0115 -0.0012 -0.0091 0.003 0.0044
0 20 1 -0.0041 0.0033 -0.0023 1e-04 0.0016
0 20 0 0.0085 0.0038 -0.0105 4e-04 -0.0055
0 13 1 -0.0063 0.0063 -0.0011 0.0019 0.0034
1 14 0 0.0038 -0.0015 -0.0082 -0.001 0.0037
1 12 1 0.007 0.0057 -0.0121 -5e-04 8e-04
1 13 1 0.0024 -0.0031 -0.0059 -4e-04 0.0113
1 14 1 -0.0168 -5e-04 0.0034 0.0027 0.0121
0 12 1 0.0014 -7e-04 -0.0083 0.0043 -0.01
0 19 0 -5e-04 0.0063 -0.0068 -0.0029 0.0085
0 20 1 -0.0109 5e-04 7e-04 0.0073 0.0135
1 17 1 -0.0067 -0.0017 -0.0011 0.0043 0.0114
1 18 1 -0.003 9e-04 -0.0026 0.0063 0.0044
1 17 0 0.0056 -0.0033 -0.0138 0.0047 0.0029
1 11 1 -0.0167 5e-04 5e-04 0.0066 0.0165
0 20 0 0.0228 -0.001 -0.0197 0.0022 -0.001
1 20 1 -0.0115 0.0043 0.0042 -1e-04 0.0145
0 11 0 0.0076 -3e-04 -0.0075 -1e-04 -3e-04
1 20 0 -0.0053 0.0087 7e-04 -2e-04 -0.0026
1 14 1 -0.003 0.0035 -0.0027 0.0048 -0.0029
0 20 0 0.0166 -4e-04 -0.0145 0.0027 -0.0043
1 20 1 0.0129 0.0027 -0.0132 -0.0048 -0.0059
0 19 0 9e-04 0.0011 -0.0037 0.0082 0.0089
1 20 0 -0.0102 0.0073 -0.001 0.005 0.0035
1 13 1 -0.0015 -0.0032 -0.0048 0.012 0.0035
1 16 1 -0.008 0.0037 -2e-04 -0.0028 0.0128
0 20 0 -0.0107 -0.0036 -0.0016 0.0065 0.0207
1 14 1 0.0084 -0.0086 -0.0133 0.005 0.0097
1 12 1 -0.0128 0.0017 0.0038 0.0026 0.0195
0 13 1 -0.0034 0.0074 -0.0042 -2e-04 0.0049
0 11 0 -0.0133 -0.001 0.002 0.0095 0.0211
0 13 0 0.0163 0 -0.0141 9e-04 -7e-04
0 12 0 0.0096 -6e-04 -0.0114 0.0014 0.0028
0 15 1 -0.0054 -0.0023 -0.0011 0.0048 2e-04
1 13 1 -0.0101 0.0068 0 -9e-04 0.0032
1 13 0 -0.0139 -0.0017 0.0034 0.0052 0.0096
0 13 0 0.0023 0.0025 -0.0092 -1e-04 0.0042
0 17 0 -0.0011 1e-04 -0.0057 0.001 0.0137
1 12 0 -0.0133 0.0062 0.0029 0.0033 0.0197
1 13 1 0.0068 -0.0017 -0.0084 6e-04 0.0085
0 16 0 -0.0012 -0.0022 -0.0089 0.0043 0.0072
0 21 0 -0.0022 0.003 -6e-04 0.0098 2e-04
0 19 0 -0.0015 0.0046 -0.0066 -0.0015 0.0109
1 16 1 0.0031 -1e-04 -0.0107 9e-04 0.0072
0 21 1 0.0066 -0.0022 -0.0098 -0.0014 -0.0013
0 12 0 -0.009 0.0055 7e-04 -0.0038 0.0085
0 14 0 -0.0093 0.003 -0.0028 0.0042 0.0055
1 14 0 -0.0147 0.0031 0.0032 -0.0031 0.0035
1 14 0 0.0118 0.007 -0.0095 0.0028 -0.0028
0 12 0 0.021 0.0035 -0.0196 -7e-04 -0.0087
0 11 1 -0.0038 0.0079 -0.0031 0.0017 -0.0021
0 14 1 -0.0121 -0.0047 0.0012 1e-04 0.0142
0 12 1 -0.0103 0.0032 -0.0012 0.0051 0.0141
1 17 1 0.0127 0.01 -0.0096 0.0019 -0.0075
0 13 1 0.0042 0.0025 -0.0115 0.0031 0.001
1 17 1 -0.0187 0.0061 0.0062 0.0107 0.0213
0 12 0 -0.0096 0.0063 1e-04 0.0112 0.0068
0 13 0 -0.006 0.0038 -0.0031 0.007 0.0017
0 17 1 -0.0073 0.0037 -0.0021 4e-04 0.0062
0 19 0 -0.0046 0.0038 -0.0057 -0.0011 0.0032
0 19 1 -0.0046 0.0042 -0.005 0.0025 0.0024
1 14 1 -0.0031 7e-04 -0.0019 0.0048 0.0022
1 12 0 0.0048 0.0067 -0.0051 -0.0016 0.0028
0 13 0 -0.007 0.01 -0.0021 0.0037 0.0066
1 13 0 -0.0085 -0.0012 -0.0038 0.0084 0.0048
1 11 0 0.0024 0.0057 -0.0082 0.0091 4e-04
0 16 0 5e-04 0.0043 -0.0077 0.0049 -0.0019
1 18 0 -0.0134 0.0062 0.0038 -0.0064 -0.0049
1 16 1 -0.0195 0.0073 0.0019 0.0018 0.0082
1 16 1 -0.0189 0.0107 0.0065 -6e-04 0.0096
1 14 1 -0.0101 0.003 -0.0047 0.0034 0.0145
1 11 0 0.0471 -0.004 -0.033 -0.0095 -0.0136
0 12 1 -0.0097 0.0013 1e-04 0.0118 0.015
1 12 0 -0.0087 2e-04 0 0.001 0.0071
1 12 0 -0.0022 0.0019 -0.0024 0.0063 0.0073
1 17 0 0.0119 -0.0101 -0.0135 0.0064 -0.0089
1 13 1 -0.0083 -8e-04 -0.0033 0.0034 0.0196
1 13 1 -0.0092 9e-04 -0.0045 0.0057 0.007
0 11 0 -0.004 0.0124 -5e-04 -0.0038 -0.0095
0 15 1 -4e-04 -3e-04 -0.0047 0.0037 0.0088
1 11 0 -0.0103 8e-04 -2e-04 4e-04 0.005
0 15 1 -0.0086 -0.0012 -0.0026 0.0029 0.0158
0 11 0 0.013 0.0045 -0.0152 3e-04 7e-04
1 12 1 -0.0157 0.0037 0.006 0.0089 0.0134
0 11 0 0.0082 -0.0047 -0.0148 0.0062 0.0117
1 14 1 0.0066 0.0044 -0.0097 -0.0017 -0.0093
0 20 0 -0.0042 0.001 0 0.0066 -0.0019
0 16 1 -0.0125 0.0062 -0.0013 -0.0013 0.0062
0 17 1 0.0019 -0.0097 -0.006 0.0015 0.0123
1 16 0 1e-04 0.0014 -0.0086 -0.0012 0.0059
1 16 1 -0.0073 0.0137 -6e-04 -0.0064 0
0 14 0 -0.0121 0.0074 -1e-04 -5e-04 0.0119
0 12 1 -0.0038 0.0056 -0.0015 0.0067 0.0034
0 17 0 -0.0192 0.0155 0.0039 0.0062 0.0077
0 20 0 0.0011 -0.0087 -0.0074 0.0036 0.007
0 19 0 -0.007 0.0055 0.0014 -0.0022 -0.0066
0 14 0 -0.0053 0.0071 6e-04 2e-04 0.001
0 13 0 -0.0141 -0.0013 -1e-04 0.0095 0.0143
0 11 1 -0.001 -0.0011 -0.0042 0.0021 0.001
0 17 1 -0.0124 0.0065 0.0018 -0.0025 -0.0084
1 10 0 -0.0031 0.0035 -0.0025 -0.0023 -0.0052
0 16 0 -0.0197 0.0178 0.0084 -0.006 -0.0135
0 13 1 1e-04 0.0019 -0.0056 3e-04 0.0074
0 16 1 -0.009 0.0091 -3e-04 -4e-04 0
0 13 1 -0.012 -5e-04 -0.0043 0.0026 0.0157
0 17 1 -0.0173 0.0063 0.0014 0.0042 0.0019
0 15 0 0.0019 0.0069 -0.0035 -0.001 -0.001
1 11 1 -0.0095 0.0047 0.0033 0.0049 3e-04
1 16 1 -0.0232 0.0227 0.0126 -0.0082 -0.0207
0 12 1 0.0025 -0.0013 -0.008 1e-04 0.0123
0 12 1 -0.0134 0.0064 0.0018 -0.0027 -0.0064
0 15 1 -0.0202 0.0013 8e-04 0.0066 0.006
0 17 1 -0.0069 -6e-04 5e-04 0.0057 0.0109
0 18 0 -0.0059 0.003 -0.0031 0.0073 0
0 16 0 -0.0067 0.0041 -0.0052 0.0018 0.0054
1 13 0 0.0215 2e-04 -0.0105 -0.0022 -0.0064
0 19 0 -0.0071 -0.0063 -0.0043 0.007 0.0104
1 15 1 -0.0065 0.001 0.001 0.0076 0.0044
1 13 0 -0.0044 4e-04 -3e-04 0.0013 0.0059
0 18 0 -0.0132 0.005 0.0021 -2e-04 0.0099
1 13 1 -0.0067 0.0023 -0.0034 0.0015 0.0052
0 12 1 -0.0115 0.0075 0.0017 -0.0035 -0.006
1 11 1 -0.0157 0.0016 0.0063 0.006 0.018
0 16 0 -0.0112 0.0022 0.0012 -0.001 0.0057
0 18 1 -0.0074 0.0094 -0.0019 -0.004 0.0045
0 15 1 0.0042 0.0066 -0.0088 -0.0027 -0.0021
1 13 1 -0.0056 3e-04 -0.0027 0.0021 0.0047
1 20 1 -0.0127 0.0088 0.006 -0.0012 -6e-04
1 15 1 0.0028 0.0056 -0.0061 -0.001 -0.0078
0 14 0 -0.002 -0.0037 -0.0057 0.006 -8e-04
0 20 1 -0.0195 -0.0014 0.0057 0.0046 0.0116
1 12 1 0.0073 0.0058 -0.0089 7e-04 -0.0063
1 19 0 -0.0023 0.0039 -0.0042 -0.0013 -2e-04
0 16 1 -0.0177 0.0151 0.0038 -0.0025 -0.0049
0 19 0 5e-04 -0.0042 -0.0078 0.0079 0.0059
0 18 1 -0.0123 -5e-04 -0.0032 0.0041 0.0148
1 20 0 -0.0064 0.0052 4e-04 0.0047 0.0179
0 19 0 0.0051 -0.003 -0.0142 0.0041 0.006
1 14 0 -0.0032 0.0047 -0.0043 0.004 4e-04
0 18 1 -0.0202 0.0102 0.0056 -0.0028 0.009
1 10 1 -0.0013 -0.0033 -0.0051 0.0085 0.0128
0 17 1 -0.0055 0.0109 7e-04 -0.0037 -3e-04
1 10 0 -0.0136 -0.0023 0.0039 0.0036 0.0025
1 17 1 -0.0083 0.0124 -9e-04 -0.0029 1e-04
1 17 0 0.0086 3e-04 -0.0131 -0.0044 0.002
1 13 1 -0.0178 0.007 0.0027 0.0129 0.0164
0 15 1 0.0011 0.0065 -0.0029 0.0084 0.0016
1 12 0 -0.0088 -0.0085 -0.0073 0.0015 0.0142
0 16 1 -0.0134 -0.0023 0.0023 0.0026 0.0025
1 18 1 -0.022 0.0093 0.0122 -0.0015 0.0163
0 17 0 -0.0116 0.01 0.0048 0.0106 -0.0032
0 17 0 -0.0181 0.0022 0.0034 0.0021 0.0175
0 18 0 -0.0142 0.002 0.0025 5e-04 6e-04
0 17 1 -0.0165 0.0124 0.0054 -0.0035 0.0046
1 18 1 -0.0101 -0.0012 1e-04 -0.0013 0.0114
1 20 1 -0.0135 0.0165 0.0026 -5e-04 -0.0091
0 16 1 -0.0138 0.0064 0.0035 -0.0061 -0.0058
0 11 1 -0.0111 0.0022 0.002 0.001 0.0077
0 11 0 7e-04 -0.0034 -0.0096 0.0019 -0.0034
0 13 1 -0.0121 0.0066 8e-04 0.002 0.011
1 13 1 -0.0165 -1e-04 0.0011 0.0071 0.0149
0 14 1 -0.0027 -1e-04 -0.0035 4e-04 0.0092
0 17 0 -0.0163 0.0097 0.0054 -0.0017 0.0016
1 16 1 -0.0139 0.0069 7e-04 0.0112 0.0167
1 18 0 0.0065 5e-04 -0.0114 -0.004 0.0069
1 15 1 0.011 0.0053 -0.0075 0.0011 0.0014
1 12 1 -0.008 0.0132 0.0015 -0.0086 -0.0075
0 11 0 -0.0144 0.0064 0.0032 0.0031 0.0053
1 11 1 0.0094 -0.004 -0.0144 0.0101 0.007
1 18 0 0.0256 -0.0018 -0.0188 -0.0011 2e-04
